1000 2
1.1806723512734738 -2.2239458363678937 
0.37593364636270815 4.026451062150803 
0.8939259304138825 7.323153232135888 
2.6201528360726747 15.10440759042178 
1.5162642546726313 2.806914837955093 
-1.1768993116330617 -8.583181386647118 
1.105776513433873 1.6249022857013884 
-1.6035473361876742 -11.84952648101323 
-1.5214102730189258 -8.976809887266313 
-0.8043292415328652 -3.094187523056082 
1.5942066435822662 -5.628147933437136 
-0.76794711265825 2.199121174094083 
0.8422302743570609 15.21950227018241 
-0.42727208586978116 2.0689694121117186 
-2.053796602408257 -18.068896916727997 
-0.09222446515020653 4.173822408983387 
0.2668881263211227 11.330757293980824 
-0.35372361194593216 -7.40498126678874 
0.5884927098725374 12.969481740369398 
-0.6827961542651674 11.596023526078536 
0.10413880613404142 1.5180569425524577 
-1.1525293728307078 8.93690872763117 
0.25747255400437846 -10.284175070342354 
-1.2096438232025761 12.664968189645073 
-0.2958076619417936 1.5390985937714772 
-0.7406830138400629 7.685729180381296 
-1.940938688639386 -10.938505254166753 
-1.148060874487054 -3.2370966903674896 
-0.2508998205006102 -11.894335641270205 
0.22479655781701258 -1.9405743697930458 
0.26378995958651885 11.441588958421118 
-0.06890895429399488 -4.565203139813001 
-1.6929717976080894 -15.223811648517266 
0.6229560057514576 2.3167337160583177 
-0.5996563222611192 2.391013021077946 
-0.479829739907403 5.583877209464294 
-0.3074984941975825 3.4943620320989344 
0.16184851205072334 -1.9833537920768203 
1.7610441318684695 1.2334664341313233 
0.7634939367580353 15.968270137064787 
1.3753073822897801 16.530678477912577 
1.5812985102807153 0.7809760341876006 
0.7736739114401909 6.749931252033051 
-1.5172539061464783 6.18198622969913 
-2.4756120430677653 -3.3625519310631997 
2.1561946336074773 2.8407281996579394 
1.5170426881156442 0.5731140068490088 
1.2758398870940626 -2.747051729691038 
-0.4475551094742586 -10.078220718453002 
1.1230613738141566 -4.038008619399277 
0.23928663329925404 7.876475340668877 
1.141318129401481 9.018172524069566 
-0.7606713096912798 -0.8602147215356708 
-0.9136023949108998 -10.158698195630716 
-1.0277618684241305 -19.853794975834507 
0.8785988015153849 -10.055333914013499 
-1.5046464874013619 -8.87280599655849 
0.23776464094131278 4.672491072800641 
0.16825506725781234 -1.8018246639090645 
-2.29587252455419 -11.509774655994775 
2.656017414468728 4.6345385483533015 
-2.1512490484249853 -1.9256826798675495 
0.37588658699059124 -3.1819934591121948 
-1.14343040711923 -4.317820978165639 
-1.2403358291463102 -9.275181802095913 
-1.9262658843074258 -1.3140808417416854 
-0.1000827186608565 17.435239882212315 
-0.25891282568419094 4.476404580374224 
0.1457494170797422 1.7386196092498576 
0.6589060981694095 -4.187293325142246 
1.277352117784761 11.611319396497105 
-0.25813058087902596 17.83416531697928 
1.207053364144728 20.108544968149832 
2.183332964087222 4.292235047225239 
-0.7033874912466059 1.8058256747274728 
0.6257358330805824 6.188072229968845 
-0.6268217647756983 -3.5957284053041167 
0.8368276079024761 9.656344906648561 
0.6622076909673128 19.294717750820247 
-1.62758127622174 -7.963253745871752 
2.6372748645120567 22.347498992008152 
1.1720109461798116 -0.7065023226060205 
0.5028825343259096 16.59213384404086 
-1.679034586523437 3.0755885638877127 
-1.497354062373107 -10.888061567293223 
0.15496712887183117 -2.8529978804533256 
1.458754261841119 11.881744005966022 
-2.174109569730138 1.9668099469010139 
2.854675992236291 -7.8945165692893156 
-0.12853241753164013 12.921011232142414 
0.6615705849213023 5.850800472270688 
-1.9394761563117813 7.467380316825263 
-0.2267835482418573 -6.160996299129732 
0.9317346603404035 3.2499128979150385 
0.11213033034305413 7.890713333567223 
-0.23551560612412534 -6.26921650770125 
-0.9559046096473593 -18.081407009638035 
-0.44352149480103564 1.4956482435813085 
-0.09018773869312043 -9.165080259637108 
-0.8950838007269541 -1.0615036610624435 
1.0969716782209054 17.74362628712483 
0.7266694423261167 15.975018146736522 
2.438533173192026 14.079440301258929 
-1.0649761702397122 -7.639398419642699 
-2.838694557799917 -7.539039401926781 
-1.1112849834844154 -6.164102094972581 
3.510338156945879 19.821381489292556 
1.7593391857052938 5.803933599705892 
-3.166749446237062 -11.27272889971511 
0.4073551529718706 12.618679661417582 
0.42419928436307064 5.250451953350897 
0.905734841714904 2.0815960724927973 
0.5996709905437787 9.246538637499125 
-0.22987283277233403 5.832336622521005 
1.3000600379423333 12.543956605502778 
-0.08060872744907978 6.607361524402954 
2.3152656711406765 6.843212130402341 
-0.09268548866968401 9.34536960203021 
-0.501339633704012 9.695925949224545 
0.19225656918253195 3.76032316547563 
-0.4804967078571548 -5.652674107235315 
2.2136098860853934 17.174579703041058 
-0.5846554985485853 3.9220042417397845 
1.64451961929989 20.740382711289843 
-0.7450846322353851 1.5341718820170707 
0.42031572929655836 6.828004950727453 
0.43965740324219765 7.263226542486222 
1.2749826537839655 4.403118103906754 
-0.14691225360253798 10.261416063089976 
0.035218088936726566 8.102378986262224 
-1.025915977144624 -11.654916773384649 
1.9261688265136847 8.879916910179787 
-0.2511352002920263 3.5836427491928635 
-0.41520499895083934 1.118613351568734 
0.5829669060028757 13.267365121238797 
-0.8607924812312041 6.211129048908893 
1.1081937141746674 5.056063368218423 
-1.1911349956474937 -15.289479976114102 
0.35099979889904426 -6.105625548939464 
-2.6134612452015014 -23.71579982534983 
-2.0556230650691405 -17.809244299541767 
-2.186195387275082 -4.414639658612159 
-1.014674192154706 6.6653131747414225 
-2.2284765302879093 -5.449067797148301 
-0.1951451145332043 -14.544798270277091 
0.11472011309724486 -2.8169228640101 
0.2948093435330629 9.009789633994934 
-1.4869607474536806 7.069423106126039 
0.05149397161360766 23.797173575131914 
-0.29632240120000053 -11.886575162969516 
-1.0514664710336326 4.199572821813929 
0.5884524808293257 15.945536743004702 
3.4793133107407224 14.446646748369727 
0.7767082537279832 20.942672309186612 
1.005106887408821 -5.587667737082219 
1.084390409928384 16.5613209027071 
1.151499317554104 4.611808796576115 
-0.7719564923669976 6.043278246046893 
-0.5650182484853938 -4.353554401958743 
-0.9708312255980611 1.3394106454278547 
-3.2280620489549756 -10.960434385617498 
-1.4100078509294751 -17.07028492950388 
-0.8730863270715711 0.5865736434774946 
-1.4932495044322465 8.106142404926263 
-0.28862762638123735 -3.0448413259881724 
-1.1759333365252276 -0.39596068957501895 
0.25630927339571635 9.785460401043196 
-0.5772634323802834 -6.063238977160138 
0.40699394585982795 6.7502187233026145 
2.934564574587346 8.022080544540191 
-1.526133477944979 -11.30827509509702 
0.6874375971062778 -2.703221547430627 
2.0184924568930542 -2.6667385601848297 
-1.6118740845191553 -4.211066871225249 
-0.10609241156170747 6.309865800529098 
-1.687117026516424 -9.949741068897444 
0.03371829641827498 -4.593505954475413 
-1.95335478966074 -10.35787394997273 
1.367226777919283 2.8688135272353357 
-0.928075357341881 1.9823772351885267 
0.5371853994045658 14.370522920997697 
2.021833954357096 3.159992688058546 
0.07950622307124511 15.645440232331353 
-0.5395390939358804 -7.915269939070859 
1.2911648048303541 5.3392093150124715 
0.6373530908095033 -0.7922072124809478 
-1.5266942774893988 -17.65861569301906 
2.1769331438853796 11.66971906077513 
-1.6467515432324873 1.4681174786813054 
-0.6615907019666845 6.568313862448053 
0.12975679422663994 6.943936323754824 
0.5369204029932947 7.471743891025368 
2.6825734808239465 20.08652792911011 
-1.097063013900203 -6.093253888571203 
-0.8645950132875516 -8.162615274448545 
1.258546093981678 -3.806059686736906 
0.967257645468655 2.2148745549817 
-1.2150893394051279 1.4324029977664452 
-0.10625450833747353 11.888385316675215 
-3.375417845209233 -4.763844581485948 
-1.9306773986216812 -8.816148663805507 
-0.45073899862383027 -5.3107562560697374 
2.232633297414188 1.533162832498378 
0.9509183447612884 6.082211996384907 
0.34763537860051574 -3.9897713242993147 
0.3286559422081803 -0.22376589213027875 
-1.3130853943092742 4.041738718917131 
-0.009672045138735062 -1.0543509118162233 
2.572067753185782 14.409185877702729 
-0.5095118941255712 -9.938609740910078 
-1.6362549045274937 18.366698341756543 
-1.9459591919088275 -15.169465568502268 
2.16641593277041 -5.13100015440471 
1.0628615335322753 9.983427764789642 
-1.8832852668153957 6.808114518955986 
0.2728222786442796 14.872566540627574 
-1.8236199753747775 -6.643140411729121 
-0.014583494748550214 -3.198671303729334 
0.4966146169128108 -7.241978987233219 
-0.7395748436222415 12.724821370278422 
1.0495818885029389 3.727878265206095 
0.09482267405370835 6.098215837382119 
-3.1042888499713843 -6.767387327540858 
1.3241605996334398 11.1846522181987 
-0.1448100076296334 7.304865489033055 
3.1508835625915443 11.543741152904673 
-0.7701214358627496 -6.93130327799844 
1.4707777472344536 6.499036176514875 
4.033483194099875 25.56022038960607 
1.4695619635768373 5.190454829005818 
-0.328049237178538 9.242676823707049 
1.2788978612272548 5.050393513397491 
0.1818032523944232 5.302399236954159 
1.8393942367051768 4.637837251048168 
3.3506464497160833 0.8690658583769517 
0.8199807099860631 4.242033847172093 
0.23626033826422072 13.71264258683766 
1.5973474082628258 11.61549974211868 
-0.9399093571270899 -6.66819097375598 
1.3695298780615577 2.688995927276751 
2.5833915682835658 5.918960418360985 
-1.5346109524968665 -20.3812982399804 
0.24524803161723213 10.276074838321733 
-2.541583815366215 -7.8818743809864245 
-1.723134127934257 -2.479940632942882 
1.7058709614048222 1.6654856330527434 
1.0332630839751102 13.26688273064447 
-0.8949886161507891 8.157485404742626 
1.781033384544472 9.522857502189881 
-1.6537840404714257 -4.218170534586852 
-0.40053852130616235 6.191232236991628 
-1.1451022022881319 10.602982262825783 
-2.643875276043351 -18.091269010970652 
-1.8490432721226193 -0.6804219007618499 
1.8926656566063083 22.018222473070683 
1.9389446708886662 5.3992443271499475 
-0.293616494786141 4.131405850271806 
-0.5726948644102318 -7.64517750740699 
2.354593598209467 7.769908339470131 
0.478265455064695 17.429038386550346 
-3.9053896468910643 -11.367119598248292 
0.10472386795101635 2.1528703581034185 
-1.6790836323599816 -16.931898587975947 
0.41661768691920104 5.9661073742423145 
-4.603596518082807 -21.757260488968367 
-2.4879662949318595 -3.755096549054378 
0.854992160983737 3.00597811294591 
0.3926759726445642 -4.173880063401483 
1.115612482360848 6.159787201708537 
-0.5116550077584706 -1.767042488516823 
-0.07085091697628039 -0.4705009670352709 
1.1539119326552274 8.85475863574531 
2.1750734042781192 -14.227529178235542 
-0.2116437952963946 -6.219926332195993 
0.6175697985026108 11.599564696863848 
0.012854728538371217 0.18202071431594535 
-1.02535479871114 -3.9565916536998067 
-1.0188394668762664 -8.125514603770508 
1.2387922020413702 1.1987375945689576 
-0.6541057487197971 -21.19685753941524 
2.298901316429038 35.17522711510096 
-3.344211568288706 -31.093906308507762 
-0.8904152808374106 -8.6562684835823 
-0.6889454760170962 -2.086489076923896 
2.06449392638876 20.3379041137866 
0.9808645744993085 15.63128728856897 
-1.967817784243127 1.7981518547479753 
-1.777453418531596 -1.8278049097445632 
2.4430964490452505 14.770654190899839 
-1.8929379693623618 -15.09232628665212 
0.7745987082147205 1.385864605232157 
0.5939696443067036 9.98988950458712 
-2.358696697200882 -9.438386866762746 
-2.5222029667609753 3.9374106636839885 
-0.5093303120796744 13.036175856998973 
1.283272063362441 -1.4174667226286761 
0.9070623098898175 -2.163072890137224 
-1.9737344527021004 -9.787884808411585 
-0.43728881135218894 13.090753005922858 
1.814280608321023 15.443028163521712 
-0.44991546064285903 6.39247849055394 
0.21401611497815487 -14.547137432097013 
-0.05449165846531595 -8.767981363444932 
2.2636081927805476 -1.269558181211302 
0.022838253244762425 -4.3237523132908535 
2.25478053392123 1.8381133375536394 
2.459561178536121 4.600507608504579 
-0.8069823926605787 -12.976142553934444 
0.9902804407126478 13.311840123713461 
3.2272674042484124 11.898539413190475 
0.012409002449934836 1.2782339070043969 
-0.2612503431670341 16.231210833011815 
0.9298328820926931 -17.42182569755813 
0.7290581956341253 4.614417023904185 
1.4888927044402729 6.842338704434619 
0.6082349303409089 1.9147813008132262 
-2.6309075311972245 4.433617104984034 
2.2482538263969767 6.145930427305236 
0.4540518258180743 -2.2434113166938285 
-2.0675517809789623 -9.7142969030452 
-0.38259336565553764 -5.7413307268893465 
1.2617087953695922 9.444085793906092 
-1.7524562346238248 6.343298741518887 
-0.2650281845671214 6.426291179616408 
-2.6071707620051012 -25.404862017859458 
-0.28903650657054136 2.3179986768390735 
-0.9500349580186441 -6.034913398850733 
-1.900603066784134 -7.670626154230334 
-0.2753461997033881 -1.4077578070227252 
-1.3156969692976872 -6.536360185730571 
-1.098950747408458 -9.97419851566003 
0.1550935369042646 1.336182552184737 
-0.14854170836244623 -10.1785102493623 
0.22532788496879685 11.960257923695972 
-0.4008185319904507 1.3213742175996037 
-3.0991036791504483 -4.668228118165177 
2.7909552717825727 7.009394913292549 
-3.0409683476619573 -15.34935792147867 
-2.3672918371681004 -7.380307251276628 
-1.8962031024058041 -1.6899202142147307 
0.35892661430816014 6.355888957461454 
-1.1734012777099125 3.2856243081995373 
0.7864907265984189 -3.9321560321288116 
-2.7013222540943693 -5.122723408878537 
-0.7083006497739912 -6.547044812137411 
3.175243370875067 12.235147581726094 
-0.13902166695904047 0.09214965822507915 
0.37624807281473877 8.560757484883215 
-1.4591362390025524 -0.28188537906830113 
1.919775668117452 16.230129351950602 
0.8826493857764212 -9.490173717382067 
0.9936511752785631 9.28026135644992 
0.23891394025483972 19.48008852530191 
-1.3319857654412741 2.193320592987413 
1.3179857257668812 8.040585953887271 
-1.2247902239142687 -9.489791607057473 
-1.22992558275581 4.320631846071465 
-0.5871497566772055 -7.6774669968325195 
1.9502261678743495 11.822269985862862 
1.049019749991569 -3.124786343556151 
0.9386173377277962 6.818948741040061 
-1.901079203858305 -3.53963848077259 
-2.12710323287105 6.121603580446696 
1.2949218935305036 22.33045278113391 
0.661708650552974 7.812722823024766 
-2.568390853886851 -7.040546358754568 
-0.7377434322399323 4.518682270963319 
1.752984051624355 -3.2061799904382324 
0.27318109760584913 1.1324385129465606 
0.3095389478243739 5.684952031038842 
0.5319315947246489 21.20719628316247 
-0.4444516664277978 -8.111834740028131 
-0.2530201259820152 -2.738087172519152 
0.10650886341632687 1.8966266685186663 
0.4254928024900593 4.610017983290318 
2.3342445619780383 0.22065807696189177 
-0.7844826966118436 11.979458838875813 
-0.9391884697642097 -14.37320465860666 
-0.45775580052072057 5.021593764403729 
0.0345875861633039 -1.944560947395467 
-2.035780216098628 -12.033226336255677 
-0.48959456947382834 0.27809354615371396 
0.10130679595230552 9.455137889648181 
-0.47880470769340433 -1.5815766921142487 
0.47233092761671835 -1.5152306125141317 
0.6607956811448372 -10.21187864963554 
-1.054020036275037 3.7016454067578586 
2.737700345818448 12.222694959021721 
1.1269589207869193 4.230590599455189 
0.005264030923128498 1.0452389421367816 
-1.1777560748542728 6.545876996581593 
0.42049280902070674 -13.162065565936897 
1.1739046479069768 -1.0583971895036806 
-0.14202066673497205 -0.5654431778821865 
0.18109839524684535 7.983540867214364 
0.9036233358107891 -11.930923973865927 
0.9823810458461533 11.313547487218857 
-0.6123290070496966 15.343461968377204 
-1.082495304238107 -16.097341061677277 
1.2791766838643457 -12.3927591620639 
1.563998432043863 4.749321911915791 
-1.365536249855253 -0.08423252700332107 
-0.35339893788253113 5.61553629120465 
-1.7970563431754676 -2.939780778766229 
2.590727326130914 4.976898630102056 
-0.43890505366193894 2.5956487799272208 
1.614011085519987 10.003498341406042 
-0.9142363904509758 5.599968560526582 
-0.03405025777936689 -1.1277528505426808 
-0.15615285199404558 -1.4672545331049172 
1.7946717193009118 5.807356600398727 
-0.3855003810718261 9.47437074507217 
-1.5144049050695667 -11.106910632865482 
2.623810107073829 6.1727734661291604 
1.5968191008949084 7.970858520591081 
0.24230302069559903 2.576217871129357 
0.07860500402753483 -0.15186311852916834 
-1.2104974084971707 1.050642925133475 
0.5324999539715559 -1.7131811622806068 
-1.9219847014395939 2.826937761686158 
0.7031738966144823 -14.3254954580772 
-0.6539845950699922 -0.18377467356007093 
1.7949925598826648 20.688646471989614 
0.26984259576091907 -0.9366942502967723 
1.6570553533325052 15.46696090185338 
1.5772953462715542 1.0287628967117328 
-0.5381244304633588 -2.0866690973245277 
-0.6045971461314281 -2.6754002403827455 
1.2011679398406814 -0.9272066988905405 
0.8901636449659384 -5.200524396498987 
0.43781913687000285 -5.050613273405594 
-1.1319782052291385 -4.087208815273301 
-2.2662951487602214 -19.519977318226264 
-1.4040080616028976 -6.378967053031314 
-0.20309236502040467 -9.645204491905343 
0.8847510511200508 12.452027548206411 
0.3756451926926824 4.738102360341166 
1.1094469870677042 -7.347429194828564 
1.2503682476683171 1.539537963879111 
0.09521855287746035 -0.6678110794400571 
1.5950805459183475 0.5836362672699182 
2.569476712675701 10.487159958932928 
-0.6481610035299663 -10.663902990643273 
0.3006202789201462 -11.652362135101262 
2.1452270743381434 8.964582254911901 
0.321728522486669 4.77709224831362 
0.8567982470785593 -5.006734926218756 
0.16355059872273114 -2.3669468943760634 
-1.0713333291935048 -1.6754662457348326 
2.0337273242740515 5.651048770857552 
-0.4865564622440527 -1.6657980548622886 
0.07044208909775995 -5.064458608282429 
-1.991379199799789 -3.773786005124456 
0.23661796450920908 -2.4117760467214344 
0.6357581226256819 8.179593400271127 
-1.001795011080683 -3.2702931336324808 
-2.0028114970384796 -2.9361982694185444 
0.06182423340460633 -2.352668223327952 
-0.37539474775147336 -13.648039003581422 
-1.2281232630622112 -12.13211572561239 
0.904305318429687 -2.7589117976385706 
1.098992112808592 16.6998600252739 
-2.6161430027573744 -4.9795710536637445 
-0.021270589528877323 -16.356033709507013 
1.9069563437191714 7.982924546612127 
-0.02578330160870208 -4.5652433966817485 
1.7368875635913652 11.901819423996047 
0.8311433607178957 6.483121428303956 
0.7153032221185519 -4.606873116201101 
0.4902824941062218 -10.978188815802497 
2.4970413093895463 4.034901555334153 
1.475347167713417 -5.903911356543734 
-1.0901700319503234 -10.257332370538933 
2.4097501488339668 5.044114132889812 
0.5707024292767573 1.5991985521081133 
0.8939421491611872 10.447329663970615 
-1.8499763752067473 -13.787015160557154 
-0.739426861740833 11.629222743912043 
-2.871471829857145 -8.1287501231199 
-2.1326849728679034 -9.29167809680904 
0.19217824268871447 9.743801818817467 
2.408243512976097 16.8775897812368 
-1.1047502420800692 -2.750830647872129 
-1.4568360659446047 -7.652711879893474 
-0.5704991759141032 6.256366393420673 
0.2347619024293367 2.1936445682405696 
1.395510650214444 -1.8997010821836153 
0.9221764122704569 -1.0284999474133207 
-0.022037667241909684 -6.881329449143564 
0.04513349186424041 -3.891845196850757 
-0.06168332667642057 1.855838412628476 
-0.18129305347668584 13.201103791173205 
-1.1078108202261447 -25.908373324180907 
0.7315429957176522 6.261395821365779 
-0.7819872256133577 -4.374967832458029 
0.24978504157446677 4.384342216710044 
0.8625396781249275 6.56921708904302 
2.5287219388563047 15.686153980367624 
-2.4745183069368606 -3.3229695311282326 
0.6356215188610852 12.376126721995954 
-0.8504470710877621 7.9800070423026135 
-0.26989952635440545 -5.39887994657244 
1.039586813540732 12.307822159110614 
3.3540015874738174 14.532921670626072 
1.2827950926594383 11.322168785725797 
-0.8233756897127341 13.57626409294314 
2.600737970117401 21.53938849998255 
1.8460436403248015 4.35191873321113 
-0.537986090833827 2.8999960527361193 
0.6466925941493114 21.356418131710946 
-0.8298904109205818 -1.6369885838441567 
2.7612121796309266 24.405711667135925 
0.47252616706096784 -7.627051939584705 
0.12815525759728005 -15.5567165035615 
0.4047773658728462 6.0470514357344385 
0.4986427199005227 -4.151592467713233 
2.2126529503112935 16.668196716647053 
0.6603251016394786 3.9403086667050653 
0.16275852255919016 -2.0815783177286393 
0.42500879388692253 8.01187522286028 
1.1451885719900932 6.069777659500923 
0.3218308049126461 16.862609710079212 
0.7578319987190297 -1.1795938157526638 
-1.0622353085152882 11.985231097666926 
0.06606402067143875 -1.053488602782533 
0.783935402575759 -1.1413329736767572 
0.3062411682345389 -5.3195084630999006 
0.002616400540615422 -4.828872507881929 
1.9335750368535294 8.957354785442721 
0.2803894754669209 7.010286472637425 
-1.068571825657028 -1.53318086809458 
-0.05175257332331124 -9.105214643297016 
1.6317400706750158 10.344440389254956 
0.14660686227027506 4.7388935667582475 
-0.3903066474991494 1.0562056520950844 
-2.064588405952423 -7.741192060289714 
-2.7578691028948152 3.448835686168967 
-1.8769714817971141 1.3451807798196014 
-0.6006429246706169 -2.256994416153556 
-1.0992660797797964 -0.451693094886509 
0.8757997900001233 3.148630242208288 
-0.7565305292292418 -1.0105507227621549 
-0.6946431943106433 1.6365266112949155 
-0.6096332554326 3.2227866134956535 
1.3011100422371924 2.4657732234768264 
-3.969762850391168 -18.422735786796256 
-0.40254274731878686 -6.222431156403175 
-0.07964469918876613 7.266854872041172 
-2.941883218536343 -6.818553351572701 
0.6528314167973062 9.808067620850558 
3.0320349132497495 10.608763833479344 
3.186941514749367 20.825611051335787 
-0.022257485141993025 -4.342667685857263 
1.9064431610915067 14.085013050049543 
-1.3095212316168565 6.843987796988214 
2.809677245859568 15.610461861191062 
-1.7104878282153637 -11.85291814162949 
-0.6445228359849272 1.3576380980825755 
-0.5518979047061146 -9.360961066653905 
-1.0039786425241208 9.010995636294204 
-1.6699770221200876 -13.105900356577536 
0.7572017877761581 10.085792481606507 
-0.6154839381645277 -9.648382733617346 
-2.7343331379428135 -7.591418708146408 
-0.1555933602543974 -3.0022725316532357 
1.929832374449469 8.059789726874428 
-1.5247584413684754 -7.417615568010168 
-0.41595004472508146 21.028318907696832 
0.45350935170139445 -3.925038211881299 
-0.7930032518836163 7.248295375387587 
1.309841177415752 13.667050928224231 
0.0405645638965157 -0.903328819138387 
-0.3337905584550968 -15.925161043260495 
1.4105253793143697 5.534061110352461 
-0.6689739456685605 -5.466962884560464 
1.852906153603055 10.99399543281044 
0.8434063605340298 9.702334975820445 
-1.557703940440831 3.1517041000565835 
0.9060792583012859 16.920691178134017 
-1.7506196208459215 -20.881042430979143 
-0.9347394823079439 9.968005431965045 
1.6486144913373544 17.04594365685751 
0.15619465334998117 8.357622549018696 
0.6042050204259053 -6.61483733583904 
-0.4471055569665408 -1.693105029398243 
-1.8955433562250648 -0.3204782064534659 
2.3165613560704124 11.17852558697285 
-0.9237507066436318 1.7660117738406762 
0.4720275361233039 -2.400327711324894 
0.10719817345102603 6.274227743961569 
0.544395730842822 6.329123227268377 
0.7561510721363649 11.182569009463935 
-0.974281448030743 -4.3367958283658 
1.4229722639383693 12.848495858603206 
1.483885362605055 7.840349363010297 
-1.5954344096035025 -17.390860793607445 
2.2906775123203413 9.132809016027412 
-0.5915086744947787 8.527767891181878 
1.7066450896130378 5.788243713149812 
-0.03686172638858216 -3.6406058424948053 
1.292853038109115 22.66728826090438 
0.4792555129832371 -0.9126163728051697 
-1.8018955650516988 -10.987998271081137 
-0.8277423948848515 -9.07973130014286 
-1.1613325126748975 -13.493977397202727 
-1.274297986624327 7.639065595144221 
-0.6980812181982616 2.0118734646312326 
-0.01502028618931649 4.367735198289198 
-0.3117072184239814 11.724202848281486 
0.4055829510517313 5.788101242873736 
0.6693138179587924 6.239804429387935 
1.714849147869606 6.774366586257228 
-1.0782776819094386 1.3726614971465159 
-0.30500712799792423 -2.804136331113826 
0.2101254004236615 -4.061543543668386 
-1.618606587870776 -21.609899874467843 
-1.042091198340121 3.7888131397227687 
0.1816613284761032 -11.713911923375697 
-0.005940443092119229 2.309292071188416 
2.1844092405597313 7.8916435723077285 
1.204249444469581 -4.249783386364205 
1.6932412552870824 9.905492851698057 
0.8856792597565659 2.387147966362332 
-0.565910224898713 0.7595946467749868 
0.5481560702652618 -5.764001545184742 
2.4619528126243995 7.2860865058134285 
-2.885518273989124 -15.556273208274987 
-1.5829942452026968 -5.931972163624116 
-2.1481951253746545 -2.549992047165425 
-3.5045061372156856 -9.34274616840806 
-2.436110189561102 -18.724396137828286 
1.2484788946383591 13.370286252799607 
2.297791469292133 7.4874380367944315 
1.5355888395088995 17.183508474658566 
1.9596930907500538 17.759117377626506 
-1.3655880542168095 19.688249538813686 
1.7397293933055968 7.4441124777745165 
2.268412023658918 19.734011743441055 
2.0167961877650575 10.21384841132171 
0.026632909137621466 6.5953145170859955 
-0.3003988580517913 8.428609768793073 
-0.4860444659979735 0.875230754923934 
0.36427774641976723 10.37467183526465 
-0.059202518235646186 -11.110074012662341 
0.1989129197848011 18.574320742689913 
3.901923988689474 4.706208197371383 
-1.7011364652611451 -13.448676505221222 
0.721684467613344 -0.36660510562915194 
1.3658339179519101 6.602571936767582 
-0.8763154809893019 0.8293591415081929 
-1.0452084567881885 -3.6704675515032514 
2.3119907096747814 10.098549985347724 
-2.4201188149953428 -17.07313810579918 
1.2256594207951772 -11.826815415738059 
-0.11856548721853041 -1.237620123386871 
0.1253109388113371 -5.365301181987769 
1.3738982806215094 9.65641932808673 
-0.4987219966064822 4.326118451103229 
-0.08800085664230925 15.242448277724735 
-0.6336040779003632 -5.179431377009411 
2.2137388011843084 22.465147083603256 
-1.9415532828110134 -9.793917572035854 
0.25933561364245683 -3.913318763790638 
1.0760702311749035 19.619776650630843 
0.5833461176361346 5.760738983305689 
-0.7264082796624356 -5.949259588425892 
-1.019588139865694 -3.450341645676783 
-1.5320754180320417 1.4656054358871482 
0.9252353580972078 18.50255505525613 
2.7689029341335476 8.506687792505883 
-0.05488707650389157 6.578230507443834 
0.014067709462130477 -0.18404212652749097 
-1.0648208914122856 0.23851243390380006 
0.48292300914948233 -2.1085332968311077 
-1.597661602389342 8.5070661500495 
1.4313998655055409 12.628241396940302 
-2.245061979108583 -5.899860305788199 
-0.41788643141480475 -0.7986575527375472 
-2.1273715869335446 -9.763898488168367 
1.4912935166970254 18.476162801045266 
-0.8930248630025361 4.157648278006678 
0.6651195761132317 8.4427496726456 
-0.08030644846544265 5.466889367106429 
2.3587390030129076 7.410270038732784 
0.6065618842865063 16.37317263561215 
-0.19894200211446902 -1.682354943007113 
-0.4716168412642724 -10.059990660993313 
-0.37215450247454945 -1.6739596232637304 
0.7168629061258659 19.68806851726031 
-0.9674566171968351 9.617490352549655 
3.003961962564817 19.342224774891434 
-0.7120205059983008 17.464712882544923 
0.24172882217049393 16.154324195541804 
0.20533321456623238 12.92075307174185 
0.9172434601864147 -1.9423038704537658 
-0.24030765141251478 16.407981026682684 
1.578239610670747 2.258252110197392 
-0.10495420873420387 -2.071088808919341 
-0.31365022842626467 -4.838990986718698 
1.4507504988550384 12.299002585248457 
-1.9528837513052064 -8.258319961772616 
-1.0888189451064882 -8.479786027788247 
-0.5629414737936804 -1.7274051875206986 
-0.763284788916711 10.978210910049125 
2.1390513726998415 22.935449624708035 
0.5127728038514577 1.3601043741030816 
1.4853098508561453 -10.311301923281226 
-1.9005754362627247 -20.319165104647304 
2.201980080412744 18.10603006762938 
0.6846222118701523 -5.980560378552008 
2.593556959507725 11.81543904961256 
1.5731079348921275 2.090002110354841 
-1.763175036034354 -10.000247128143043 
2.084374179403457 16.465480878737004 
-1.0323563059453158 5.9278168052922915 
2.8119574060054244 20.675842038897578 
1.4591719506247132 5.340453323543658 
-0.1350044312983153 7.11713320409353 
-0.23184672759291752 5.280869681238467 
0.683041863992582 -3.3624444454033213 
-1.286811899911913 -2.5747731846113755 
1.1478586872027403 0.38534129949879636 
-0.9739637048346866 11.583011925602003 
1.2097097335196532 0.2075327238349267 
-1.63318487068035 5.7528185273180625 
2.26344331461287 15.531750152864536 
2.626219361757338 15.358320430223987 
-1.7640145548454593 1.4282785255232775 
0.9367311012006715 15.17964739600489 
-0.6832959944126207 -24.264651811426397 
-2.0164194441228496 -3.1688786309184716 
0.9700020068649496 -0.7930445255746004 
1.2660084710128832 6.4368370633191825 
0.08447477340246737 7.468753929312265 
-1.5578427117769496 -3.8880651563421624 
-0.7819149413373234 -2.6676424829874756 
1.0038906411561568 -2.7781086395351346 
-0.03987507683403831 4.34993719143745 
-0.37262111780224394 2.6787023273856536 
0.9355414291044652 -10.65951865167159 
-0.8364401943088791 -5.562114966609317 
-1.8270839983425557 -8.091503665922888 
1.5877606331611713 17.518758797158334 
0.05797329776496502 4.836443528490271 
-2.6281098295209437 -2.774025731928612 
-3.0711344716754856 -3.988495159249486 
-0.17931395069975167 7.300687553681029 
0.7786617460145601 10.79002550776877 
-1.283498089096043 -3.2888829665604167 
-0.6323739106152811 -6.361509266580562 
1.6530123257550158 15.972621161391574 
-2.8485403385871346 -3.2565233674948173 
-0.6350826233138734 1.530726428548105 
-0.13304150850811552 4.326442465882906 
-2.601767702235763 -8.805463105123312 
-0.9718807171302426 2.861207943667389 
1.7418475416563324 9.529216776807832 
-0.7518453478841634 2.4264258121475306 
-0.06884346483182202 -2.8769943579496315 
0.8623814719043292 17.62797285884143 
1.61363492484368 17.226178386689227 
1.4806745950735738 17.955401189140964 
0.633499165754319 6.994858533200494 
0.03467721159022386 8.724807209097463 
-0.6037419090276664 -11.734606792135374 
2.475847593383203 25.357724554421615 
-0.8330889954973335 5.565906159341263 
1.6295236500109287 -0.2032098597287315 
-0.824303355108166 0.9025384802822356 
-0.38292369699387335 5.584473567921371 
-0.6775829954536579 -0.6784752115929567 
1.5650202096353807 11.919411535255142 
-0.45639772291407765 -1.4038607150071236 
-0.0983515090436801 -0.8211944682944465 
0.41919520935047555 0.09728461504655961 
2.2848216389550315 -3.8648097449641847 
1.1403692373889784 12.56596699469753 
-2.084229592990772 10.41270471094648 
-1.4406939228474438 -9.944496679950957 
-0.11014995594403854 10.051899508114829 
1.66083290607033 3.2686821632713166 
-1.3709365736832306 -5.89964923857537 
0.7655872176247216 -8.968214861296277 
-0.25146906602293156 2.765842761986309 
-1.2584217192850966 -9.33083044993942 
0.9773900576177851 4.313679887745122 
1.2045142383084662 13.225090332271437 
-2.5348905829791555 -12.269708421054311 
1.1988353626433288 -1.6899718172187845 
-1.3193444428442813 -0.28475310494295325 
1.4579275958921392 1.8656125825050802 
-1.0597180199014842 -5.728213963513733 
2.480504327347184 2.5286480557666784 
0.5625011343103357 6.513515563753244 
-1.0027306587800018 -9.374741194742562 
-3.5726539386722314 -23.921100473151764 
-2.563577468249877 -17.283224349419076 
-0.0018186089621226686 8.606614093118324 
0.2964924940354143 -5.655504838521787 
-1.293425094920373 -12.141226882160943 
-1.3742761569218445 -8.635593533258595 
1.9068734254864554 1.2744753722637818 
-1.2438011891813865 5.262348726701961 
-1.2152244466958106 -4.884103363756458 
-2.177963117838368 3.7434433258701576 
-1.2686030472782084 -1.7217330297187337 
1.3474387070442733 6.075312451408313 
-0.8666559711928586 3.8625637686875356 
-1.8083568912829762 -4.813337012332898 
1.8993273000512219 7.279069126078647 
-0.5080799435724072 19.266880025641875 
-0.820858456749978 -13.116554458068137 
-2.467766323969823 -9.684564997593363 
1.0732632585028765 2.8088947086444604 
-0.4047298686070335 4.33483959862159 
-1.6999998442968687 -11.580087611687343 
-1.1935249901200065 -8.915888652484089 
-1.5497351876559016 -22.137205624006302 
0.6425950038230742 12.514768862563784 
1.8994770735874946 1.15973792655349 
1.8634535161388837 8.092203750075688 
-0.19092870297259684 -3.057094290488859 
-2.0311894716140606 1.8848566099495163 
-0.6440412393329242 5.648470239765084 
-0.1808903390592895 -1.2262574185438648 
-1.6403490036267345 -13.583133829742826 
0.01729767339032482 -3.8915512889785484 
1.5297606693389925 4.849711568810976 
-0.10948634145553615 1.4938618475689591 
0.10543915075078181 7.885094187257721 
-0.24587025695021422 10.05603104188306 
-0.43118500306619695 3.9991874008946207 
-1.2398863997734737 -2.9542101950159543 
1.317910967195604 -0.14392804053395425 
2.406154228952437 11.406281176878172 
-0.19106073854228037 -6.118859701518877 
1.8001782610564314 17.25129676635612 
0.2127676134670303 10.082906745372648 
-0.24756799968081264 5.5793351598131435 
1.4642362600335435 -1.6171672804004515 
-0.640887573737409 -7.2980649786204825 
-0.6766257533248752 3.530822878453483 
2.073982753842262 -5.592711191991757 
-2.079522077463045 -19.732209447022193 
3.9538252392559494 5.519626716732558 
-0.6166799928227442 9.35253347940344 
-1.254064684667833 -4.487774996828333 
-0.24886153300887934 -7.714961292831282 
0.48421095356762184 16.076697939093755 
-0.5840626856056661 -1.6918611659501037 
1.0115695025722422 -0.14606493710238677 
1.067678133112671 -9.486756319754635 
-0.22252971646705969 -4.919183328811748 
0.021627341251503545 1.3408520709003144 
0.8519423320354992 8.699740437079349 
-1.228036084813642 -15.407120366591041 
-0.5967677454551995 -4.282430417428735 
1.3724140983518798 11.272622182202342 
-0.5694476390397909 -4.78721681082661 
1.8904259281239948 16.357182796771053 
-0.5022903117124434 12.301564707423873 
0.5604475167722992 -10.56890308786841 
-1.382067714122555 -13.029721331264238 
-1.1310646446032762 -9.267384451160211 
0.983752274938442 9.783438978742435 
-0.002220881770514217 -3.281806910384092 
0.05335302327749611 -1.7329123937496718 
-1.0288500016296462 -4.188021097960737 
1.2252121212445777 -5.071958147147296 
-1.6374581444631613 -10.007777967191453 
-1.0341466539490964 -1.7027062117138216 
0.6093879224716765 2.8219336048527346 
-0.8348894471139233 1.8983751595354201 
-0.10706102112985193 9.374295567480086 
1.597066123032607 15.501430057480526 
-0.457709456318403 8.044081409429031 
-0.7577801054583846 20.472989579168097 
0.8068928043683286 -3.3619203096604933 
0.23152451189939374 18.2779791170127 
-0.4676732346534852 2.5198093326391136 
0.7049443425628806 -11.902647992480121 
-0.45547367073457345 2.828090871775031 
-0.6381470110869109 6.855049845925427 
0.1780667783283684 2.8262007461277134 
-1.7446291176002657 1.2375771833105187 
-1.6824178841306585 9.916797046644348 
-0.002085919457516669 -0.051129824245052635 
1.5291558278371598 -1.3050569301672659 
-1.445414403034624 -3.476208073960554 
0.3425456488010799 -9.399650545766251 
0.6583843187335929 1.2386281076163606 
0.2327087344304207 8.69454747252942 
0.8164533720817043 17.718531928624188 
1.9269675108655502 18.170222634621307 
0.5355690739495234 6.829926864180039 
0.8385199415341398 -5.149244279271325 
2.3767725327322857 14.059025545812307 
-1.0224945237166332 -10.223243468648214 
1.7489633801297904 5.006458999367683 
1.622025312474745 -5.610834078950467 
0.9127625039392471 20.961634630345515 
-0.9256608587486447 -9.052376285606472 
-0.9316275623440763 1.9077404326291214 
0.1032561579995099 -9.191809205534096 
0.22909130495858102 -0.21195601441193634 
-0.5309518025216846 -5.333516831801633 
1.9590263674261308 21.323923542650665 
2.096916735140064 7.290631920556173 
-0.014892176749972192 10.753772433183489 
-0.8796327465324922 -13.904452130626368 
-0.685746389818582 -5.87302411145509 
0.9258616074575848 4.930847065507969 
0.5709532228290357 1.4362482675735926 
0.9048337501935194 1.8458174607571232 
1.5022547936673427 10.669949805251655 
1.4930818688812462 11.600032048271581 
2.977953465536807 21.28581910883988 
0.5790836743215265 10.12008513332045 
-1.2025702439910855 2.055681473824178 
1.3196491423178691 12.315861787715646 
0.6148788938473766 13.379528823444707 
0.03772693175210684 -9.014740401402063 
0.5795911980741979 1.3048829327591456 
-3.092138196062095 -9.147357471646547 
1.0868997356075016 -1.2663796168712609 
2.165878019603387 10.542416309160542 
-1.586861950789892 -4.581865603829334 
0.5901445308313659 -11.804318252170143 
1.4014572465321553 -9.187409948413128 
1.5124998006517598 4.793925316503108 
-3.856387687740432 -21.71745801335233 
2.156438318074205 18.435734187088606 
-0.8436831655542072 -4.835590944889036 
-1.8977602772925488 -4.666581535139338 
-1.0740631733524755 -10.194338708676288 
0.7587714721348875 -3.2163080812156846 
1.8535648603161818 18.896209465983254 
0.48589441261916105 16.254541917062042 
0.20050640218594803 2.5964812943588917 
3.4410778635203942 4.061269351810375 
-0.30138465273281917 -7.755852168410446 
-4.458403917443418 -23.493787239418737 
0.21613590983845188 1.0121170206082786 
0.9446829735259081 5.802129423056586 
2.668184920600409 14.154089007386425 
-0.021381022198311533 -1.7946975646296588 
-1.1595442464546626 -1.002491352324543 
2.744353069835542 6.191739318023019 
-1.4200851527932998 7.9334713014972085 
-0.21336325505832543 7.4018189588979615 
1.7205536270688322 9.12602300795493 
0.9529248304610158 9.989901071256671 
-0.18193099431059265 9.235872419254795 
-0.37704831027272523 -9.48561294940223 
0.3803493016835668 8.67549744476371 
-0.24689410251075627 5.847786648559167 
-0.8202690567573425 -1.0672696422011727 
0.5894194430265621 25.377360982146126 
0.9890609640146284 14.2854037537033 
0.4962394797890468 14.58846212000854 
0.8920824172723777 8.92772023327119 
-2.0018037185749873 -21.602460215127973 
0.4123010919096309 -18.747414727177677 
-0.21722647663750733 -0.07557929370197947 
1.1818957486124444 11.391692807928441 
0.4098109140547917 11.299919492912752 
1.2038513275241347 -3.9346400236100862 
0.8517876245714666 -7.366350861626881 
-1.9275082942227175 -11.7276151502214 
-1.7538709680915994 -13.606711412934468 
-0.84426865599724 14.326762142828379 
-1.239864586052533 -2.9428813420487767 
0.40184934879422796 -3.5451442771749377 
0.41974348938681244 6.2725086951638405 
-0.02236701901741627 5.4577792630161435 
-0.1294523830674415 4.512402632664968 
0.17373003056995623 -11.414969388745646 
-2.178050149771793 -1.0106492170986083 
1.6978551599888392 6.669985422517921 
0.3212401549466301 8.575932462056404 
-0.6780771793190964 -18.63808977715695 
-0.37477258859253243 7.613372493521705 
-0.13631834603136678 -6.125531690477512 
1.3772796345760934 7.804378327872278 
-0.6463102694526943 -6.164643772101069 
1.4939886291725912 15.763723803801449 
0.9264033255898091 4.658290184867946 
2.1707683008925494 25.218188113281073 
-1.314453120537776 3.4273313050312115 
1.942592966322372 -6.079821557039004 
-3.406068057777494 -12.712657839913527 
0.8762306737344456 3.8078225272964077 
0.29346668409923976 3.5165653070279 
3.4240228462342945 14.69965125274208 
0.7718001053325179 -2.996128557733514 
0.0947543348869857 4.672476291463887 
-0.7386633989877036 -7.149869015394037 
-0.4559393935058137 -7.877540975805363 
-0.649767704427464 -0.34897141621491823 
-1.3230725653430746 -2.5991743473297113 
